#BVGraph properties
#Wed Mar 27 20:50:26 CET 2013
compratio=0.695
bitsforblocks=64755980
residualarcs=79787048
version=0
zetak=3
residualexpstats=4362053,3996403,3864715,4042612,4278095,4507651,4652085,4777964,4720298,4345368,3819898,3280188,2541243,2134453,2376382,2669706,3210363,3922820,4079910,3397784,2401659,1318057,1086106,6
avgref=1.496
residualavggap=255365.541
avgbitsforoutdegrees=7.951
windowsize=7
bitsforintervals=11469461
copiedarcs=19283558
avgbitsforblocks=15.393
bitsperlink=13.114
bitsforresiduals=1206424872
bitsforreferences=13037563
avgdist=2.101
successoravgloggap=9.372482882464672
avgbitsforreferences=3.099
successoravggap=225619.777
maxrefcount=3
successorexpstats=10761473,6262696,5310837,5078819,5241943,5377429,5579315,5715356,5579253,5108193,4476593,3789118,2929516,2414685,2686285,2971309,3568156,4431953,4691278,3968036,2807765,1402588,1202494,6
nodes=4206785
compressionflags=
intervalisedarcs=2285247
bitspernode=315.95
arcs=101355853
bitsforoutdegrees=33447861
avgbitsforintervals=2.726
minintervallength=4
graphclass=it.unimi.dsi.webgraph.BVGraph
avgbitsforresiduals=286.781
residualavgloggap=10.1966456212583
